0.2891566,-0.286747,-0.03855425,-0.286747,-0.1686747,-0.1710843,-0.2361446,0.1325301,-0.08674701,0.3445783,
-0.05301207,-0.3493976,0.1253012,-0.1614458,0.09638552,0.1277108,-0.04337345,0.2433735,-0.2409639,0.166265,
0.3710843,-0.3879518,-0.3807229,0.3060241,
-0.3662651,-0.3879518,0.4048193,0.2192771,
-0.2987952,-0.4313253,-0.1686747,-0.002409637,0.1493976,0.2433735,0.3855421,0.2626506,
0.3373494,-0.3542169,0.0819277,0.1036144,-0.3614458,0.3156626,
-0.433735,-0.3686747,0.03855425,-0.1277108,0.3518073,0.3686748,
0.313253,-0.4361446,0.1493976,-0.1518072,-0.1783132,0.06987953,-0.192771,0.3349397,-0.05783138,0.4457831,
0.03855425,-0.4457831,-0.2120482,-0.3253012,-0.2843374,-0.1614458,-0.2168675,0.01204824,0.2024097,0.3542168,0.1879518,0.460241,0.08674691,0.4361446,
0.09156632,-0.3686747,0.2457831,-0.007228911,0.2265061,0.2048193,-0.02409643,0.3879519,-0.226506,0.373494,-0.3373494,0.2819277,
0.1542168,-0.4072289,0.2457831,-0.08915663,-0.2361446,0.1566265,-0.1397591,0.3542168,0.1301206,0.4409639,
0.4289158,-0.4313253,-0.08674701,-0.07469881,-0.2987952,0.426506,
-0.4,-0.460241,-0.120482,-0.2481928,-0.06265058,0.233735,0.1783132,0.3927711,0.3951807,0.4168675,
-0.173494,-0.4024096,0.07228909,-0.07469881,0.120482,0.2240964,0.05301207,0.339759,-0.2024097,0.3975904,
0.1493976,-0.4409639,-0.1493976,-0.1614458,-0.192771,0.1518072,0.09638552,0.3349397,0.2795182,0.3204819,0.3421686,0.1759036,
0.1975905,-0.4024096,-0.01927713,-0.2289157,-0.1301205,0.02650607,-0.02891564,0.339759,0.1638554,0.460241,
